clang++ -fsanitize=address -g -Wall main.cpp -I algorithm-bookeeping/; ASAN_OPTIONS=detect_leaks=1 ./a.out
0
12
28
48
69
93
117
144
171
199
228
258
288
319
351
384
416
450
484
518
553
588
624
660
696
733
770
807
845
883
921
960
998
1037
1077
1116
1156
1196
1236
1277
1317
1358
1399
1441
1482
1524
1566
1608
1650
1693
1735
1778
1821
1864
1907
1951
1994
2038
2082
2126
2170
2214
2259
2304
2348
2393
2438
2483
2528
2574
2619
2665
2711
2756
2802
2849
2895
2941
2987
3034
3081
3127
3174
3221
3268
3315
3363
3410
3458
3505
3553
3601
3648
3696
3744
3792
3841
3889
3937
3986
4034
4083
4132
4181
4229
4278
4328
4377
4426
4475
4525
4574
4624
4673
4723
4773
4822
4872
4922
4972
5023
5073
5123
5173
5224
5274
5325
5376
5426
5477
5528
5579
5630
5681
5732
5783
5834
5885
5937
5988
6040
6091
6143
6194
6246
6298
6350
6401
6453
6505
6557
6610
6662
6714
6766
6819
6871
6923
6976
7029
7081
7134
7187
7239
7292
7345
7398
7451
7504
7557
7610
7663
7717
7770
7823
7877
7930
7984
8037
8091
8144
8198
8252
8306
8359
8413
8467
8521
8575
8629
8683
8737
8792
8846
8900
8954
9009
9063
9118
9172
9227
9281
9336
9391
9445
9500
9555
9610
9665
9719
9774
9829
9884
9940
9995
10050
10105
10160
10216
10271
10326
10382
10437
10493
10548
10604
10659
10715
10771
10826
10882
10938
10994
11049
11105
11161
11217
11273
11329
11385
11442
11498
11554
11610
11666
11723
11779
11835
11892
11948
12005
12061
12118
12174
12231
12288
12344
12401
12458
12514
12571
12628
12685
12742
12799
12856
12913
12970
13027
13084
13141
13198
13255
13313
13370
13427
13485
13542
13599
13657
13714
13772
13829
13887
13944
14002
14059
14117
14175
14233
14290
14348
14406
14464
14522
14579
14637
14695
14753
14811
14869
14927
14986
15044
15102
15160
15218
15277
15335
15393
15451
15510
15568
15627
15685
15743
15802
15860
15919
15978
16036
16095
16153
16212
16271
16330
16388
16447
16506
16565
16624
16683
16741
16800
16859
16918
16977
17036
17096
17155
17214
17273
17332
17391
17451
17510
17569
17628
17688
17747
17806
17866
17925
17985
18044
18104
18163
18223
18282
18342
18402
18461
18521
18581
18640
18700
18760
18820
18879
18939
18999
19059
19119
19179
19239
19299
19359
19419
19479
19539
19599
19659
19719
19779
19839
19900
19960
20020
20080
20141
20201
20261
20322
20382
20442
20503
20563
20624
20684
20745
20805
20866
20926
20987
21048
21108
21169
21230
21290
21351
21412
21473
21533
21594
21655
21716
21777
21838
21898
21959
22020
22081
22142
22203
22264
22325
22386
22448
22509
22570
22631
22692
22753
22815
22876
22937
22998
23060
23121
23182
23244
23305
23366
23428
23489
23551
23612
23674
23735
23797
23858
23920
23981
24043
24105
24166
24228
24290
24351
24413
24475
24537
24598
24660
24722
24784
24846
24907
24969
25031
25093
25155
25217
25279
25341
25403
25465
25527
25589
25651
25713
25776
25838
25900
25962
26024
26086
26149
26211
26273
26336
26398
26460
26522
26585
26647
26710
26772
26834
26897
26959
27022
27084
27147
27209
27272
27334
27397
27460
27522
27585
27648
